<?xml version="1.0"?>
<opencv_storage>
<cameraMatrix1 type_id="opencv-matrix">
	<rows>3</rows>
	<cols>3</cols>
	<dt>d</dt>
	<data>
	1.9122989973426138e+03 0.0000000000000000e+00 9.7860445365494411e+02 
	0.0000000000000000e+00 1.9142336438968823e+03 5.6609050570199247e+02 
	0.0000000000000000e+00 0.0000000000000000e+00 1.0000000000000000e+00 
	</data>
</cameraMatrix1>
<distortionVector1 type_id="opencv-matrix">
	<rows>1</rows>
	<cols>5</cols>
	<dt>d</dt>
	<data>
	6.3175014238636182e-02 -1.5839156947789160e-01 0.0000000000000000e+00 0.0000000000000000e+00 -2.8089590251251684e-01 </data>
</distortionVector1>
<cameraMatrix2 type_id="opencv-matrix">
	<rows>3</rows>
	<cols>3</cols>
	<dt>d</dt>
	<data>
	1.8891269151238873e+03 0.0000000000000000e+00 9.5566033628156856e+02 
	0.0000000000000000e+00 1.8896802978512842e+03 5.4880475303115406e+02 
	0.0000000000000000e+00 0.0000000000000000e+00 1.0000000000000000e+00 
	</data>
</cameraMatrix2>
<distortionVector2 type_id="opencv-matrix">
	<rows>1</rows>
	<cols>5</cols>
	<dt>d</dt>
	<data>
	7.7019500298828689e-02 -1.2487417708629603e-01 0.0000000000000000e+00 0.0000000000000000e+00 -3.6180963243280817e-01 </data>
</distortionVector2>
<rotationMatrix type_id="opencv-matrix">
	<rows>3</rows>
	<cols>3</cols>
	<dt>d</dt>
	<data>
	9.9981765134212486e-01 -1.6451853487010396e-02 -9.6953897064114922e-03 
	1.6805404533789450e-02 9.9915196986753418e-01 3.7588821320729979e-02 
	9.0687619426763569e-03 -3.7744901995740029e-02 9.9924625589999538e-01 
	</data>
</rotationMatrix>
<translationVector type_id="opencv-matrix">
	<rows>3</rows>
	<cols>1</cols>
	<dt>d</dt>
	<data>
	-1.4000000000000000e+02 -5.7242902830674813e-01 -7.6095917925627810e-01 
</data>
</translationVector>
<essentialMatrix type_id="opencv-matrix">
	<rows>3</rows>
	<cols>3</cols>
	<dt>d</dt>
	<data>
	7.5970042543107106e-03 5.0880625260344714e-01 -1.7804319880888153e+00 
	7.8192014051564718e-01 -5.2717670904768843e+00 -1.3989069329996019e+02 
	-5.4339400468255694e-01 1.3990185362179292e+02 -5.2679849074108933e+00 
	</data>
</essentialMatrix>
<fundamentalMatrix type_id="opencv-matrix">
	<rows>3</rows>
	<cols>3</cols>
	<dt>d</dt>
	<data>
	2.1029330023527565e-09 1.4080183255131759e-07 -1.0103250870271197e-03 
	2.1622520579936097e-07 -1.4573804339700315e-06 -7.2486036211059021e-02 
	-4.1210390764337564e-04 7.4721888002774906e-02 -3.6013081708554964e+00 
	</data>
</fundamentalMatrix>
</opencv_storage>
