<?xml version="1.0"?>
<opencv_storage>
<cameraMatrix1 type_id="opencv-matrix">
	<rows>3</rows>
	<cols>3</cols>
	<dt>d</dt>
	<data>
	1.5052474123123031e+03 0.0000000000000000e+00 9.4956428929420542e+02 
	0.0000000000000000e+00 1.5066471983105955e+03 5.6868350747780539e+02 
	0.0000000000000000e+00 0.0000000000000000e+00 1.0000000000000000e+00 
	</data>
</cameraMatrix1>
<distortionVector1 type_id="opencv-matrix">
	<rows>1</rows>
	<cols>5</cols>
	<dt>d</dt>
	<data>
	1.9144535418139208e-01 -4.8368861637359989e-01 0.0000000000000000e+00 0.0000000000000000e+00 3.2118495100908634e-01 </data>
</distortionVector1>
<cameraMatrix2 type_id="opencv-matrix">
	<rows>3</rows>
	<cols>3</cols>
	<dt>d</dt>
	<data>
	1.5022874719099332e+03 0.0000000000000000e+00 9.4984728357881761e+02 
	0.0000000000000000e+00 1.5034628587416137e+03 5.3415335650922452e+02 
	0.0000000000000000e+00 0.0000000000000000e+00 1.0000000000000000e+00 
	</data>
</cameraMatrix2>
<distortionVector2 type_id="opencv-matrix">
	<rows>1</rows>
	<cols>5</cols>
	<dt>d</dt>
	<data>
	2.0869852766582539e-01 -5.3223450189842014e-01 0.0000000000000000e+00 0.0000000000000000e+00 3.5912982166917240e-01 </data>
</distortionVector2>
<rotationMatrix type_id="opencv-matrix">
	<rows>3</rows>
	<cols>3</cols>
	<dt>d</dt>
	<data>
	9.9990024363520691e-01 -9.9269207638117002e-03 -1.0047836702643519e-02 
	1.0163556525514650e-02 9.9966554032454402e-01 2.3780445882912254e-02 
	9.8084095044331538e-03 -2.3880195388364264e-02 9.9966671014453956e-01 
	</data>
</rotationMatrix>
<translationVector type_id="opencv-matrix">
	<rows>3</rows>
	<cols>1</cols>
	<dt>d</dt>
	<data>
	-1.4000000000000000e+02 -1.3457664954296384e+00 -9.2043539671972197e-01 
</data>
</translationVector>
<essentialMatrix type_id="opencv-matrix">
	<rows>3</rows>
	<cols>3</cols>
	<dt>d</dt>
	<data>
	-3.8449317018743653e-03 4.5283375319012331e-01 -7.7265666915856901e-02 
	9.5226471505363086e-01 -3.3340902651195528e+00 -1.3996653496280291e+02 
	-1.3234296009684829e+00 1.3996258780479712e+02 -3.3427844655936814e+00 
	</data>
</essentialMatrix>
<fundamentalMatrix type_id="opencv-matrix">
	<rows>3</rows>
	<cols>3</cols>
	<dt>d</dt>
	<data>
	-1.7003083788372418e-09 2.0009590351261191e-07 -1.5659774029002697e-04 
	4.2071992321596959e-07 -1.4718822950721897e-06 -9.2512751878905536e-02 
	-1.1185849085826121e-03 9.3740510086986445e-02 5.2695849335317035e-01 
	</data>
</fundamentalMatrix>
</opencv_storage>
