<?xml version="1.0"?>
<opencv_storage>
<cameraMatrix1 type_id="opencv-matrix">
	<rows>3</rows>
	<cols>3</cols>
	<dt>d</dt>
	<data>
	1.9154798587891778e+03 0.0000000000000000e+00 9.7853987842774370e+02 
	0.0000000000000000e+00 1.9177853479520952e+03 5.7570994286078133e+02 
	0.0000000000000000e+00 0.0000000000000000e+00 1.0000000000000000e+00 
	</data>
</cameraMatrix1>
<distortionVector1 type_id="opencv-matrix">
	<rows>1</rows>
	<cols>5</cols>
	<dt>d</dt>
	<data>
	2.9889222509070026e-02 1.2459873392474134e-01 0.0000000000000000e+00 0.0000000000000000e+00 -1.1994453751140202e+00 </data>
</distortionVector1>
<cameraMatrix2 type_id="opencv-matrix">
	<rows>3</rows>
	<cols>3</cols>
	<dt>d</dt>
	<data>
	1.9046735163412307e+03 0.0000000000000000e+00 9.5729815139010839e+02 
	0.0000000000000000e+00 1.9075232849399670e+03 5.4820366262478365e+02 
	0.0000000000000000e+00 0.0000000000000000e+00 1.0000000000000000e+00 
	</data>
</cameraMatrix2>
<distortionVector2 type_id="opencv-matrix">
	<rows>1</rows>
	<cols>5</cols>
	<dt>d</dt>
	<data>
	6.6931860134445173e-02 -1.6923759661130158e-01 0.0000000000000000e+00 0.0000000000000000e+00 -2.2567082392347157e-01 </data>
</distortionVector2>
<rotationMatrix type_id="opencv-matrix">
	<rows>3</rows>
	<cols>3</cols>
	<dt>d</dt>
	<data>
	9.9982434423313660e-01 -1.6665229608801749e-02 8.5761763545385960e-03 
	1.6716721510432672e-02 9.9984245580027742e-01 -5.9678137716212267e-03 
	-8.4753702409314808e-03 6.1101310424598867e-03 9.9994541570923912e-01 
	</data>
</rotationMatrix>
<translationVector type_id="opencv-matrix">
	<rows>3</rows>
	<cols>1</cols>
	<dt>d</dt>
	<data>
	-2.8000000000000000e+02 -1.4558707310093135e+00 1.8466714375324129e+00 
</data>
</translationVector>
<essentialMatrix type_id="opencv-matrix">
	<rows>3</rows>
	<cols>3</cols>
	<dt>d</dt>
	<data>
	-1.8531248674260214e-02 -5.2675660841590610e-01 -3.2250670240015444e+00 
	-1.8552760661059851e+00 1.6800614883702747e+00 -2.7998015004409069e+02 
	-1.4447706721014564e+00 2.8000055377850413e+02 1.6834736601924905e+00 
	</data>
</essentialMatrix>
<fundamentalMatrix type_id="opencv-matrix">
	<rows>3</rows>
	<cols>3</cols>
	<dt>d</dt>
	<data>
	-5.0793314216577343e-09 -1.4416590246265949e-07 -1.5997914997818153e-03 
	-5.0791144910312019e-07 4.5925652186739226e-07 -1.4575693413301241e-01 
	-4.6115980238086747e-04 1.4666416283916675e-01 7.4193591494508695e+00 
	</data>
</fundamentalMatrix>
</opencv_storage>
