<?xml version="1.0"?>
<opencv_storage>
<cameraMatrix1 type_id="opencv-matrix">
	<rows>3</rows>
	<cols>3</cols>
	<dt>d</dt>
	<data>
	1.8990780504980301e+03 0.0000000000000000e+00 9.5842743534440706e+02 
	0.0000000000000000e+00 1.9013038092983425e+03 5.5484797502872891e+02 
	0.0000000000000000e+00 0.0000000000000000e+00 1.0000000000000000e+00 
	</data>
</cameraMatrix1>
<distortionVector1 type_id="opencv-matrix">
	<rows>1</rows>
	<cols>5</cols>
	<dt>d</dt>
	<data>
	9.4012613904959075e-02 -2.3876203244611499e-01 0.0000000000000000e+00 0.0000000000000000e+00 -1.1752355646247074e-01 </data>
</distortionVector1>
<cameraMatrix2 type_id="opencv-matrix">
	<rows>3</rows>
	<cols>3</cols>
	<dt>d</dt>
	<data>
	1.9119199533656388e+03 0.0000000000000000e+00 9.5697247946555672e+02 
	0.0000000000000000e+00 1.9140084121938046e+03 5.4300277119743862e+02 
	0.0000000000000000e+00 0.0000000000000000e+00 1.0000000000000000e+00 
	</data>
</cameraMatrix2>
<distortionVector2 type_id="opencv-matrix">
	<rows>1</rows>
	<cols>5</cols>
	<dt>d</dt>
	<data>
	9.1375631080868172e-02 -2.5313755812344113e-01 0.0000000000000000e+00 0.0000000000000000e+00 -1.3705022762126728e-01 </data>
</distortionVector2>
<rotationMatrix type_id="opencv-matrix">
	<rows>3</rows>
	<cols>3</cols>
	<dt>d</dt>
	<data>
	9.9982890047821438e-01 1.5449542027046719e-03 1.8433200618354309e-02 
	-7.2143566006802572e-04 9.9900470426925236e-01 -4.4599107373265855e-02 
	-1.8483757710848051e-02 4.4578178119066954e-02 9.9883488962714528e-01 
	</data>
</rotationMatrix>
<translationVector type_id="opencv-matrix">
	<rows>3</rows>
	<cols>1</cols>
	<dt>d</dt>
	<data>
	-1.4000000000000000e+02 -9.3189561218568817e-01 -6.5959671361333183e-01 
</data>
</translationVector>
<essentialMatrix type_id="opencv-matrix">
	<rows>3</rows>
	<cols>3</cols>
	<dt>d</dt>
	<data>
	1.6749076116978345e-02 -3.2472099364497886e+00 1.0327371577016127e+00 
	6.1739801123186677e-01 6.2399258899545869e+00 -1.3985921886165281e+02 
	-9.6022727559500709e-01 1.3982472606925108e+02 6.2610528510320034e+00 
	</data>
</essentialMatrix>
<fundamentalMatrix type_id="opencv-matrix">
	<rows>3</rows>
	<cols>3</cols>
	<dt>d</dt>
	<data>
	4.6129456351628694e-09 -8.9335425611944506e-07 1.0244891235689940e-03 
	1.6984157253144436e-07 1.7146839044218710e-06 -7.4653249255444767e-02 
	-6.0088937058598514e-04 7.2958176143215592e-02 7.5128093051523166e+00 
	</data>
</fundamentalMatrix>
</opencv_storage>
