<?xml version="1.0"?>
<opencv_storage>
<cameraMatrix1 type_id="opencv-matrix">
	<rows>3</rows>
	<cols>3</cols>
	<dt>d</dt>
	<data>
	1.4888880034782342e+03 0.0000000000000000e+00 9.2974740972542793e+02 
	0.0000000000000000e+00 1.4899256169149544e+03 5.5761910529473278e+02 
	0.0000000000000000e+00 0.0000000000000000e+00 1.0000000000000000e+00 
	</data>
</cameraMatrix1>
<distortionVector1 type_id="opencv-matrix">
	<rows>1</rows>
	<cols>5</cols>
	<dt>d</dt>
	<data>
	1.5639508269275421e-01 -3.1758325788172537e-01 0.0000000000000000e+00 0.0000000000000000e+00 6.3156522193664758e-02 </data>
</distortionVector1>
<cameraMatrix2 type_id="opencv-matrix">
	<rows>3</rows>
	<cols>3</cols>
	<dt>d</dt>
	<data>
	1.8863392518342780e+03 0.0000000000000000e+00 9.7633351471825347e+02 
	0.0000000000000000e+00 1.8865456972138379e+03 5.7130976476140768e+02 
	0.0000000000000000e+00 0.0000000000000000e+00 1.0000000000000000e+00 
	</data>
</cameraMatrix2>
<distortionVector2 type_id="opencv-matrix">
	<rows>1</rows>
	<cols>5</cols>
	<dt>d</dt>
	<data>
	6.6403848740764618e-02 -3.2135990306049905e-01 0.0000000000000000e+00 0.0000000000000000e+00 1.6528594132893393e-01 </data>
</distortionVector2>
<rotationMatrix type_id="opencv-matrix">
	<rows>3</rows>
	<cols>3</cols>
	<dt>d</dt>
	<data>
	9.9987589299595803e-01 1.5410259176994992e-02 3.2745255585158606e-03 
	-1.5488661773409332e-02 9.9955623985169573e-01 2.5444542244032049e-02 
	-2.8809654639478828e-03 -2.5492102416969153e-02 9.9967087221362927e-01 
	</data>
</rotationMatrix>
<translationVector type_id="opencv-matrix">
	<rows>3</rows>
	<cols>1</cols>
	<dt>d</dt>
	<data>
	-1.4000000000000000e+02 2.2100353855035682e+00 -4.2065524176940974e+00 
</data>
</translationVector>
<essentialMatrix type_id="opencv-matrix">
	<rows>3</rows>
	<cols>3</cols>
	<dt>d</dt>
	<data>
	-7.1520903249519707e-02 -4.6093655200288950e+00 -4.1348456355740026e-02 
	4.1483472689769885e+00 -3.6337184013739625e+00 -1.3997193079731832e+02 
	2.3163418021430888e+00 1.3994014764650311e+02 -3.5694727315195425e+00 
	</data>
</essentialMatrix>
<fundamentalMatrix type_id="opencv-matrix">
	<rows>3</rows>
	<cols>3</cols>
	<dt>d</dt>
	<data>
	-2.5465438454508569e-08 -1.6410121202244760e-06 9.3461764160744632e-04 
	1.4760148133123053e-06 -1.2927643031972148e-06 -9.4648096920648642e-02 
	4.2857847176843420e-04 7.6424576126348079e-02 4.7616574637362277e+00 
	</data>
</fundamentalMatrix>
</opencv_storage>
