<?xml version="1.0"?>
<opencv_storage>
<cameraMatrix1 type_id="opencv-matrix">
	<rows>3</rows>
	<cols>3</cols>
	<dt>d</dt>
	<data>
	1.8831779550232297e+03 0.0000000000000000e+00 9.5447441318740562e+02 
	0.0000000000000000e+00 1.8848664155843553e+03 5.4471752311826833e+02 
	0.0000000000000000e+00 0.0000000000000000e+00 1.0000000000000000e+00 
	</data>
</cameraMatrix1>
<distortionVector1 type_id="opencv-matrix">
	<rows>1</rows>
	<cols>5</cols>
	<dt>d</dt>
	<data>
	5.8087654580723652e-02 -1.6519070354825166e-01 0.0000000000000000e+00 0.0000000000000000e+00 -2.1015296781904610e-01 </data>
</distortionVector1>
<cameraMatrix2 type_id="opencv-matrix">
	<rows>3</rows>
	<cols>3</cols>
	<dt>d</dt>
	<data>
	1.4962147656727275e+03 0.0000000000000000e+00 9.4794088423931919e+02 
	0.0000000000000000e+00 1.4981044733559427e+03 5.7089409304340222e+02 
	0.0000000000000000e+00 0.0000000000000000e+00 1.0000000000000000e+00 
	</data>
</cameraMatrix2>
<distortionVector2 type_id="opencv-matrix">
	<rows>1</rows>
	<cols>5</cols>
	<dt>d</dt>
	<data>
	1.7076729029691104e-01 -3.2744039007515752e-01 0.0000000000000000e+00 0.0000000000000000e+00 1.6890932341685601e-02 </data>
</distortionVector2>
<rotationMatrix type_id="opencv-matrix">
	<rows>3</rows>
	<cols>3</cols>
	<dt>d</dt>
	<data>
	9.9998255480075027e-01 5.5562609034582912e-03 -2.0045096500807989e-03 
	-5.5388821599168976e-03 9.9994790548810752e-01 8.5736278415516759e-03 
	2.0520425393057802e-03 -8.5623755301654815e-03 9.9996123667205083e-01 
	</data>
</rotationMatrix>
<translationVector type_id="opencv-matrix">
	<rows>3</rows>
	<cols>1</cols>
	<dt>d</dt>
	<data>
	-1.4000000000000000e+02 -1.6071666752407902e-02 2.8365141839764689e+00 
</data>
</translationVector>
<essentialMatrix type_id="opencv-matrix">
	<rows>3</rows>
	<cols>3</cols>
	<dt>d</dt>
	<data>
	1.5678138066125013e-02 3.1237506559241637e+00 7.9151488876734477e-01 
	-2.8362288055084486e+00 -1.1829721613606341e+00 -1.3999261746996140e+02 
	-4.0390260741815773e-02 1.3998888731403275e+02 -1.2003401136283327e+00 
	</data>
</essentialMatrix>
<fundamentalMatrix type_id="opencv-matrix">
	<rows>3</rows>
	<cols>3</cols>
	<dt>d</dt>
	<data>
	5.5642827001559378e-09 1.1072428842143310e-06 -2.1708496480502944e-04 
	-1.0056960650902156e-06 -4.1894001843471661e-07 -7.3079393200311593e-02 
	5.1551434212159875e-04 9.2615377581736796e-02 -1.4506554934471119e+01 
	</data>
</fundamentalMatrix>
</opencv_storage>
